Conway Game of life snapshots
Grid 5 x 5
-----------------------------
Initial Generation
0 0 0 0 0 
0 1 1 0 0 
0 1 1 0 0 
0 0 0 1 1 
0 0 0 1 1 
------------------
Generation: 1
0 0 0 0 0 
0 1 1 0 0 
0 1 0 0 0 
0 0 0 0 1 
0 0 0 1 1 
-------------
Generation: 2
0 0 0 0 0 
0 1 1 0 0 
0 1 1 0 0 
0 0 0 1 1 
0 0 0 1 1 
-------------
Generation: 3
0 0 0 0 0 
0 1 1 0 0 
0 1 0 0 0 
0 0 0 0 1 
0 0 0 1 1 
-------------
Generation: 4
0 0 0 0 0 
0 1 1 0 0 
0 1 1 0 0 
0 0 0 1 1 
0 0 0 1 1 
-------------
Generation: 5
0 0 0 0 0 
0 1 1 0 0 
0 1 0 0 0 
0 0 0 0 1 
0 0 0 1 1 
-------------
Generation: 6
0 0 0 0 0 
0 1 1 0 0 
0 1 1 0 0 
0 0 0 1 1 
0 0 0 1 1 
-------------
Generation: 7
0 0 0 0 0 
0 1 1 0 0 
0 1 0 0 0 
0 0 0 0 1 
0 0 0 1 1 
-------------
Generation: 8
0 0 0 0 0 
0 1 1 0 0 
0 1 1 0 0 
0 0 0 1 1 
0 0 0 1 1 
-------------
Generation: 9
0 0 0 0 0 
0 1 1 0 0 
0 1 0 0 0 
0 0 0 0 1 
0 0 0 1 1 
-------------
Simulation ended with Gen: 10
0 0 0 0 0 
0 1 1 0 0 
0 1 1 0 0 
0 0 0 1 1 
0 0 0 1 1 
-----------------------------
Conway Game of life snapshots
Grid 5 x 5
-----------------------------
Initial Generation
0 0 0 0 0 
0 1 1 0 0 
0 1 1 0 0 
0 0 0 1 1 
0 0 0 1 1 
------------------
Generation: 1
0 0 0 0 0 
0 1 1 0 0 
0 1 0 0 0 
0 0 0 0 1 
0 0 0 1 1 
-------------
Generation: 2
0 0 0 0 0 
0 1 1 0 0 
0 1 1 0 0 
0 0 0 1 1 
0 0 0 1 1 
-------------
Generation: 3
0 0 0 0 0 
0 1 1 0 0 
0 1 0 0 0 
0 0 0 0 1 
0 0 0 1 1 
-------------
Generation: 4
0 0 0 0 0 
0 1 1 0 0 
0 1 1 0 0 
0 0 0 1 1 
0 0 0 1 1 
-------------
Generation: 5
0 0 0 0 0 
0 1 1 0 0 
0 1 0 0 0 
0 0 0 0 1 
0 0 0 1 1 
-------------
Generation: 6
0 0 0 0 0 
0 1 1 0 0 
0 1 1 0 0 
0 0 0 1 1 
0 0 0 1 1 
-------------
Generation: 7
0 0 0 0 0 
0 1 1 0 0 
0 1 0 0 0 
0 0 0 0 1 
0 0 0 1 1 
-------------
Generation: 8
0 0 0 0 0 
0 1 1 0 0 
0 1 1 0 0 
0 0 0 1 1 
0 0 0 1 1 
-------------
Generation: 9
0 0 0 0 0 
0 1 1 0 0 
0 1 0 0 0 
0 0 0 0 1 
0 0 0 1 1 
-------------
Simulation ended with Gen: 10
0 0 0 0 0 
0 1 1 0 0 
0 1 1 0 0 
0 0 0 1 1 
0 0 0 1 1 
-----------------------------
Conway Game of life snapshots
Grid 5 x 5
-----------------------------
Initial Generation
0 0 0 0 0 
0 1 1 0 0 
0 1 1 0 0 
0 0 0 1 1 
0 0 0 1 1 
------------------
Generation: 1
0 0 0 0 0 
0 1 1 0 0 
0 1 0 0 0 
0 0 0 0 1 
0 0 0 1 1 
-------------
Generation: 2
0 0 0 0 0 
0 1 1 0 0 
0 1 1 0 0 
0 0 0 1 1 
0 0 0 1 1 
-------------
Generation: 3
0 0 0 0 0 
0 1 1 0 0 
0 1 0 0 0 
0 0 0 0 1 
0 0 0 1 1 
-------------
Generation: 4
0 0 0 0 0 
0 1 1 0 0 
0 1 1 0 0 
0 0 0 1 1 
0 0 0 1 1 
-------------
Generation: 5
0 0 0 0 0 
0 1 1 0 0 
0 1 0 0 0 
0 0 0 0 1 
0 0 0 1 1 
-------------
Generation: 6
0 0 0 0 0 
0 1 1 0 0 
0 1 1 0 0 
0 0 0 1 1 
0 0 0 1 1 
-------------
Generation: 7
0 0 0 0 0 
0 1 1 0 0 
0 1 0 0 0 
0 0 0 0 1 
0 0 0 1 1 
-------------
Generation: 8
0 0 0 0 0 
0 1 1 0 0 
0 1 1 0 0 
0 0 0 1 1 
0 0 0 1 1 
-------------
Generation: 9
0 0 0 0 0 
0 1 1 0 0 
0 1 0 0 0 
0 0 0 0 1 
0 0 0 1 1 
-------------
Simulation ended with Gen: 10
0 0 0 0 0 
0 1 1 0 0 
0 1 1 0 0 
0 0 0 1 1 
0 0 0 1 1 
-----------------------------
Conway Game of life snapshots
Grid 5 x 5
-----------------------------
Initial Generation
0 0 0 0 0 
0 1 1 0 0 
0 1 1 0 0 
0 0 0 1 1 
0 0 0 1 1 
------------------
Generation: 1
0 0 0 0 0 
0 1 1 0 0 
0 1 0 0 0 
0 0 0 0 1 
0 0 0 1 1 
-------------
Generation: 2
0 0 0 0 0 
0 1 1 0 0 
0 1 1 0 0 
0 0 0 1 1 
0 0 0 1 1 
-------------
Generation: 3
0 0 0 0 0 
0 1 1 0 0 
0 1 0 0 0 
0 0 0 0 1 
0 0 0 1 1 
-------------
Generation: 4
0 0 0 0 0 
0 1 1 0 0 
0 1 1 0 0 
0 0 0 1 1 
0 0 0 1 1 
-------------
Generation: 5
0 0 0 0 0 
0 1 1 0 0 
0 1 0 0 0 
0 0 0 0 1 
0 0 0 1 1 
-------------
Generation: 6
0 0 0 0 0 
0 1 1 0 0 
0 1 1 0 0 
0 0 0 1 1 
0 0 0 1 1 
-------------
Generation: 7
0 0 0 0 0 
0 1 1 0 0 
0 1 0 0 0 
0 0 0 0 1 
0 0 0 1 1 
-------------
Generation: 8
0 0 0 0 0 
0 1 1 0 0 
0 1 1 0 0 
0 0 0 1 1 
0 0 0 1 1 
-------------
Generation: 9
0 0 0 0 0 
0 1 1 0 0 
0 1 0 0 0 
0 0 0 0 1 
0 0 0 1 1 
-------------
Simulation ended with Gen: 10
0 0 0 0 0 
0 1 1 0 0 
0 1 1 0 0 
0 0 0 1 1 
0 0 0 1 1 
-----------------------------
Conway Game of life snapshots
Grid 5 x 5
-----------------------------
Initial Generation
0 0 0 0 0 
0 1 1 0 0 
0 1 1 0 0 
0 0 0 1 1 
0 0 0 1 1 
------------------
Generation: 1
0 0 0 0 0 
0 1 1 0 0 
0 1 0 0 0 
0 0 0 0 1 
0 0 0 1 1 
-------------
Generation: 2
0 0 0 0 0 
0 1 1 0 0 
0 1 1 0 0 
0 0 0 1 1 
0 0 0 1 1 
-------------
Generation: 3
0 0 0 0 0 
0 1 1 0 0 
0 1 0 0 0 
0 0 0 0 1 
0 0 0 1 1 
-------------
Generation: 4
0 0 0 0 0 
0 1 1 0 0 
0 1 1 0 0 
0 0 0 1 1 
0 0 0 1 1 
-------------
Generation: 5
0 0 0 0 0 
0 1 1 0 0 
0 1 0 0 0 
0 0 0 0 1 
0 0 0 1 1 
-------------
Generation: 6
0 0 0 0 0 
0 1 1 0 0 
0 1 1 0 0 
0 0 0 1 1 
0 0 0 1 1 
-------------
Generation: 7
0 0 0 0 0 
0 1 1 0 0 
0 1 0 0 0 
0 0 0 0 1 
0 0 0 1 1 
-------------
Generation: 8
0 0 0 0 0 
0 1 1 0 0 
0 1 1 0 0 
0 0 0 1 1 
0 0 0 1 1 
-------------
Generation: 9
0 0 0 0 0 
0 1 1 0 0 
0 1 0 0 0 
0 0 0 0 1 
0 0 0 1 1 
-------------
Simulation ended with Gen: 10
0 0 0 0 0 
0 1 1 0 0 
0 1 1 0 0 
0 0 0 1 1 
0 0 0 1 1 
-----------------------------
Conway Game of life snapshots
Grid 5 x 5
-----------------------------
Initial Generation
0 0 0 0 0 
0 1 1 0 0 
0 1 1 0 0 
0 0 0 1 1 
0 0 0 1 1 
------------------
Generation: 1
0 0 0 0 0 
0 1 1 0 0 
0 1 0 0 0 
0 0 0 0 1 
0 0 0 1 1 
-------------
Generation: 2
0 0 0 0 0 
0 1 1 0 0 
0 1 1 0 0 
0 0 0 1 1 
0 0 0 1 1 
-------------
Generation: 3
0 0 0 0 0 
0 1 1 0 0 
0 1 0 0 0 
0 0 0 0 1 
0 0 0 1 1 
-------------
Generation: 4
0 0 0 0 0 
0 1 1 0 0 
0 1 1 0 0 
0 0 0 1 1 
0 0 0 1 1 
-------------
Generation: 5
0 0 0 0 0 
0 1 1 0 0 
0 1 0 0 0 
0 0 0 0 1 
0 0 0 1 1 
-------------
Generation: 6
0 0 0 0 0 
0 1 1 0 0 
0 1 1 0 0 
0 0 0 1 1 
0 0 0 1 1 
-------------
Generation: 7
0 0 0 0 0 
0 1 1 0 0 
0 1 0 0 0 
0 0 0 0 1 
0 0 0 1 1 
-------------
Generation: 8
0 0 0 0 0 
0 1 1 0 0 
0 1 1 0 0 
0 0 0 1 1 
0 0 0 1 1 
-------------
Generation: 9
0 0 0 0 0 
0 1 1 0 0 
0 1 0 0 0 
0 0 0 0 1 
0 0 0 1 1 
-------------
Simulation ended with Gen: 10
0 0 0 0 0 
0 1 1 0 0 
0 1 1 0 0 
0 0 0 1 1 
0 0 0 1 1 
-----------------------------
